PI:  0.6940699995740686 (0.3497259557482672)
SHAP:  0.5751792390561655 (0.3845686389598719)
LIME:  0.5834281325066696 (0.33348102868676827)